7
5 4
0 1 1 4 5
1 0 1 3 4
1 1 0 2 3
4 3 2 0 1
5 4 3 1 0
0 1 1 0
1 0 1 0
1 1 0 0
0 0 0 0
2 2
0 0.5
0.5 0
0 0
0 0
4 4
0 0.5 3.5 4
0.5 0 2.5 3
3.5 2.5 0 3
4 3 3 0
0 1 1 0
1 0 1 0
1 1 0 0
0 0 0 0
10 5
0.00 1.00 2.13 2.62 1.70 1.35 1.03 1.89 2.20 2.57
1.00 0.00 1.39 2.17 2.79 2.72 1.18 1.24 2.21 2.61
2.13 1.39 0.00 1.96 2.65 2.42 1.73 1.01 1.33 2.04
2.62 2.17 1.96 0.00 2.49 2.03 1.29 1.02 2.33 1.60
1.70 2.79 2.65 2.49 0.00 1.61 1.33 1.76 1.90 2.75
1.35 2.72 2.42 2.03 1.61 0.00 2.98 2.06 1.70 2.45
1.03 1.18 1.73 1.29 1.33 2.98 0.00 2.14 1.11 2.91
1.89 1.24 1.01 1.02 1.76 2.06 2.14 0.00 2.22 2.85
2.20 2.21 1.33 2.33 1.90 1.70 1.11 2.22 0.00 2.08
2.57 2.61 2.04 1.60 2.75 2.45 2.91 2.85 2.08 0.00
0 0 1 1 0
0 0 1 0 0
1 1 0 1 1
1 0 1 0 1
0 0 1 1 0
10 5
0.00 1.78 1.53 2.68 1.19 2.84 2.68 1.92 2.22 2.98
1.78 0.00 1.59 1.05 2.35 1.55 2.45 2.90 2.14 2.50
1.53 1.59 0.00 1.75 1.11 1.55 1.97 2.49 1.72 1.69
2.68 1.05 1.75 0.00 1.02 2.18 1.41 1.22 1.30 1.34
1.19 2.35 1.11 1.02 0.00 2.38 2.49 2.20 1.45 2.31
2.84 1.55 1.55 2.18 2.38 0.00 1.94 1.77 1.85 1.98
2.68 2.45 1.97 1.41 2.49 1.94 0.00 2.47 2.61 1.13
1.92 2.90 2.49 1.22 2.20 1.77 2.47 0.00 2.03 2.40
2.22 2.14 1.72 1.30 1.45 1.85 2.61 2.03 0.00 2.01
2.98 2.50 1.69 1.34 2.31 1.98 1.13 2.40 2.01 0.00
0 1 1 0 1
1 0 1 0 0
1 1 0 0 1
0 0 0 0 0
1 0 1 0 0
10 5
0.00 1.31 2.75 2.16 2.63 2.46 2.51 1.07 2.10 2.97
1.31 0.00 2.64 1.38 1.95 1.81 2.44 2.03 1.69 1.60
2.75 2.64 0.00 1.36 1.31 1.56 1.95 2.33 1.94 2.48
2.16 1.38 1.36 0.00 2.01 2.14 1.25 1.85 1.75 2.13
2.63 1.95 1.31 2.01 0.00 2.36 1.74 1.21 2.69 1.39
2.46 1.81 1.56 2.14 2.36 0.00 2.67 2.90 1.63 2.52
2.51 2.44 1.95 1.25 1.74 2.67 0.00 2.84 1.91 2.68
1.07 2.03 2.33 1.85 1.21 2.90 2.84 0.00 1.54 1.80
2.10 1.69 1.94 1.75 2.69 1.63 1.91 1.54 0.00 2.00
2.97 1.60 2.48 2.13 1.39 2.52 2.68 1.80 2.00 0.00
0 0 0 0 1
0 0 1 1 0
0 1 0 0 1
0 1 0 0 0
1 0 1 0 0
10 5
0.00 1.40 2.68 1.22 2.88 2.47 1.51 1.42 2.37 1.46
1.40 0.00 1.25 2.49 1.57 2.67 1.29 1.23 2.09 2.16
2.68 1.25 0.00 1.63 1.67 2.42 1.00 2.11 1.15 2.07
1.22 2.49 1.63 0.00 1.28 2.20 1.12 1.03 1.87 2.26
2.88 1.57 1.67 1.28 0.00 2.49 2.61 1.23 1.40 1.32
2.47 2.67 2.42 2.20 2.49 0.00 2.71 1.91 2.39 2.01
1.51 1.29 1.00 1.12 2.61 2.71 0.00 2.50 1.58 2.93
1.42 1.23 2.11 1.03 1.23 1.91 2.50 0.00 1.87 2.39
2.37 2.09 1.15 1.87 1.40 2.39 1.58 1.87 0.00 2.85
1.46 2.16 2.07 2.26 1.32 2.01 2.93 2.39 2.85 0.00
0 0 0 1 1
0 0 0 1 1
0 0 0 0 1
1 1 0 0 1
1 1 1 1 0